272.50 1.03 -119.67
272.65 10.53 -65.01
272.67 14.53 -45.46
273.00 17.08 55.49
273.00 8.21 58.62
273.01 13.52 98.07
273.17 20.64 97.46
273.17 20.97 105.61
273.17 11.10 119.48
273.33 14.53 38.87
273.34 10.61 -3.92
273.34 2.75 19.70
273.50 3.69 127.36
273.50 6.75 149.98
273.51 0.52 71.51
273.67 1.27 -49.32
273.67 4.49 -30.04
273.67 5.65 -38.79
273.91 22.55 -123.10
273.91 21.86 -83.74
273.92 19.67 -90.81
274.00 32.33 83.44
274.00 32.17 90.61
274.01 30.78 90.50
274.25 7.78 96.90
274.25 5.24 97.06
274.26 6.99 95.54
274.50 2.05 -136.25
274.50 3.90 -59.15
274.51 4.00 -27.80
274.75 35.73 -40.74
274.75 34.24 -51.37
274.76 28.65 -29.80
275.00 43.62 91.33
275.00 40.63 102.07
275.01 28.56 117.18
275.25 14.39 27.52
275.25 20.14 -8.20
275.26 20.08 -22.07
275.50 40.40 69.22
275.50 38.53 82.07
275.51 33.89 121.95
275.75 21.56 5.42
275.75 24.87 1.39
275.76 31.53 -8.79
276.00 7.27 97.91
276.00 5.35 125.32
276.01 3.94 137.48
276.25 7.24 102.05
276.25 11.95 113.67
276.26 9.62 149.61
276.50 9.63 54.98
276.50 13.60 74.84
276.51 7.35 71.52
276.75 22.23 -120.83
276.75 14.08 -117.61
276.76 16.65 -103.57
277.00 16.96 -49.34
277.00 23.23 -99.67
277.01 12.91 -75.41
277.77 11.24 -81.83
277.78 17.28 -126.00
277.78 19.28 -117.90
278.00 26.24 -130.88
278.00 25.79 -126.67
278.01 18.39 -117.39
278.25 27.31 9.74
278.25 27.26 17.72
278.26 25.32 25.00
278.50 17.87 -129.14
278.50 15.62 -111.71
278.51 16.52 -46.15
278.75 34.03 95.80
278.75 35.53 99.15
278.76 37.17 80.41
279.00 4.06 -32.70
279.00 4.44 -54.19
279.01 10.68 -28.58
280.00 22.07 -141.69
280.00 11.43 -114.15
280.01 9.60 -145.21
280.25 41.78 65.99
280.25 39.66 69.75
280.26 30.61 72.95
280.50 19.87 -56.47
280.50 20.16 -44.39
280.51 15.78 -26.07
280.75 36.76 74.94
280.75 31.13 84.71
280.76 36.93 74.00
281.00 9.25 -144.96
281.00 13.79 -115.38
281.01 9.74 -100.63
281.13 12.15 -65.46
281.13 6.73 -92.13
281.13 1.62 -122.63
281.25 31.40 65.92
281.26 31.81 83.78
281.38 12.10 80.64
281.38 15.68 104.46
281.38 9.71 117.72
281.50 16.95 -48.55
281.50 21.89 -87.85
281.51 21.52 -114.10
281.63 19.52 140.72
281.63 21.90 125.45
281.63 19.43 116.95
281.75 28.02 97.77
281.75 32.05 85.80
281.76 30.89 86.79
281.88 21.37 104.63
281.88 15.34 115.76
281.88 14.67 106.29
282.00 20.93 -109.42
282.00 15.01 -98.91
282.01 15.62 -111.81
282.13 17.93 -112.66
282.13 18.16 -111.79
282.13 15.76 -96.47
282.25 5.55 8.37
282.25 4.17 60.98
282.26 3.49 27.86
282.38 15.17 -98.93
282.38 17.83 -98.13
282.38 20.63 -100.88
282.50 14.17 -108.40
282.50 16.34 -121.68
282.51 15.35 -103.38
282.63 13.33 -50.45
282.63 13.40 -44.99
282.63 14.70 -46.62
282.75 27.83 92.52
282.75 34.28 95.14
282.76 31.56 95.24
282.88 38.17 112.04
282.88 41.69 101.23
282.88 43.32 85.05
283.00 15.71 -129.24
283.00 11.39 -130.91
283.01 29.78 -119.65
283.13 9.84 -33.05
283.13 6.91 -7.68
283.13 14.55 42.20
283.25 4.15 174.07
283.25 5.12 117.60
283.26 2.23 -9.18
283.38 38.90 91.18
283.38 33.08 79.62
283.38 24.63 80.51
283.50 20.56 -113.73
283.50 9.63 -102.81
283.51 18.69 -121.34
283.63 21.29 -102.78
283.63 29.62 -119.97
283.63 28.28 -109.23
283.75 25.28 117.03
283.75 33.43 117.96
283.76 26.84 110.69
283.88 37.52 81.74
283.88 38.83 82.99
283.88 32.05 89.65
284.00 33.10 84.86
284.00 37.28 97.89
284.01 37.74 87.20
284.13 25.92 -1.85
284.13 41.59 -1.77
284.13 17.97 5.36
284.25 9.06 85.42
284.25 4.60 107.85
284.26 4.29 67.99
284.38 30.95 96.17
284.38 34.68 86.49
284.38 42.78 86.63
284.50 9.15 79.59
284.50 8.62 103.24
284.51 5.94 112.16
284.63 5.65 -15.78
284.63 4.80 -31.01
284.63 2.75 -49.66
284.75 11.40 82.85
284.75 14.38 94.47
284.76 8.84 52.38
284.88 30.49 105.57
284.88 31.74 104.26
284.88 32.15 105.27
285.00 40.56 75.66
285.00 40.16 84.05
285.01 41.33 72.06
285.13 7.65 101.04
285.13 7.12 97.49
285.13 2.90 123.94
285.25 27.81 -18.62
285.25 28.58 -8.22
285.26 29.73 -14.43
285.38 47.62 -15.90
285.38 24.87 8.39
285.38 31.07 16.85
285.50 14.37 -113.56
285.50 12.35 -142.34
285.51 16.57 -160.38
285.63 28.93 -36.06
285.63 32.61 -44.54
285.63 22.07 -37.24
285.75 7.22 -60.78
285.75 7.36 -52.39
285.76 11.41 -36.15
285.88 22.82 110.88
285.88 22.18 110.37
285.88 25.65 114.68
286.00 2.07 91.34
286.00 6.74 27.88
286.01 2.67 -30.17
286.13 30.21 125.95
286.13 28.47 119.19
286.13 23.20 122.61
286.25 5.64 -76.29
286.25 2.32 120.79
286.26 10.78 -175.71
286.38 5.10 -124.34
286.38 3.86 -164.98
286.38 5.17 -145.15
286.50 32.67 93.78
286.50 28.60 103.65
286.51 32.36 96.07
286.63 7.94 -111.82
286.63 7.41 -96.34
286.63 7.63 -93.09
286.75 2.23 176.40
286.75 1.90 -145.80
286.76 2.82 20.78
286.88 7.96 -12.91
286.88 10.33 -16.24
287.01 21.53 117.72
287.13 7.35 26.00
287.13 2.54 25.42
287.13 8.68 89.70
287.25 11.07 -124.61
287.25 15.76 -143.23
287.26 25.50 -142.93
287.38 16.49 -116.55
287.38 27.45 -129.90
287.38 28.86 -133.03
287.50 28.74 124.82
287.50 24.63 125.34
287.51 19.64 114.64
287.63 1.96 99.01
287.63 5.83 42.42
287.63 8.06 -9.48
287.75 2.82 -76.79
287.75 0.73 -120.64
287.76 1.83 134.30
287.88 1.06 -24.48
287.88 4.99 66.14
287.88 2.38 62.04
288.00 22.65 56.47
288.00 25.04 64.74
288.01 27.26 54.70
288.13 37.73 95.10
288.13 38.20 94.77
288.13 42.73 83.65
288.25 8.28 108.91
288.25 8.69 106.89
288.26 8.54 83.87
288.38 28.42 86.69
288.38 32.47 103.88
288.38 29.84 78.46
288.50 29.86 107.16
288.50 35.58 93.21
288.51 36.60 92.95
288.63 28.70 91.55
288.63 33.58 78.60
288.63 29.80 79.64
288.75 2.76 -55.01
288.75 5.87 -1.31
288.76 16.02 -0.37
288.88 3.73 -154.66
288.88 2.23 -143.30
288.88 7.77 -148.98
289.00 19.08 123.49
289.00 22.41 119.39
289.01 16.05 124.33
289.13 20.06 130.25
289.13 20.16 122.95
289.13 26.98 116.35
289.25 3.44 -34.85
289.25 2.04 -119.04
289.26 1.49 -34.39
289.38 7.08 -34.77
289.38 13.97 -19.10
289.38 7.06 -41.81
289.50 12.55 93.97
289.50 22.67 111.26
289.51 19.53 91.13
289.63 34.03 104.86
289.63 30.24 94.09
289.63 26.24 93.96
289.75 15.42 -22.88
289.75 20.73 -34.85
289.76 27.91 -26.58
289.88 2.42 83.07
289.88 6.19 140.65
289.88 5.71 112.75
290.00 3.44 -74.22
290.00 5.84 -174.05
290.01 5.88 127.27
290.13 18.73 71.53
290.13 9.61 103.98
290.13 10.66 85.74
290.25 14.64 -93.83
290.25 16.00 -104.02
290.26 20.58 -115.33
290.38 6.91 -18.37
290.38 4.52 -43.50
290.38 14.04 -43.74
290.50 2.46 -43.34
290.50 2.62 66.77
290.51 5.23 129.27
290.63 27.33 99.88
290.63 33.32 95.39
290.63 31.97 76.14
290.88 0.93 -54.46
290.88 3.97 103.65
290.88 4.94 143.17
291.50 31.78 90.73
291.63 22.13 82.17
291.63 23.15 73.32
291.63 15.26 90.29
291.75 35.87 71.53
291.75 43.38 74.47
291.76 35.45 65.54
291.88 8.22 -63.89
291.88 8.15 -45.50
291.88 1.10 -123.43
292.00 23.17 -19.24
292.00 20.88 -17.41
292.01 26.75 -42.25
292.13 34.29 100.98
292.13 31.93 69.91
292.13 39.27 84.03
292.25 33.97 97.44
292.25 31.91 88.62
292.26 34.98 85.73
292.38 18.47 -50.05
292.38 29.21 -35.98
292.38 23.65 -33.39
292.50 17.52 -23.69
292.50 10.04 11.60
292.51 11.71 -3.59
292.63 14.62 104.09
292.63 13.07 112.11
292.63 16.98 112.25
292.75 29.19 85.41
292.75 27.61 72.77
292.76 29.91 86.01
292.88 1.85 -77.81
292.88 2.43 -73.69
292.88 8.04 -34.73
293.00 6.93 124.30
293.00 5.83 90.01
293.01 6.74 130.65
293.13 8.38 124.44
293.13 10.09 127.97
293.13 11.56 127.47
293.25 36.31 89.95
293.25 24.79 66.13
293.26 27.95 101.48
293.38 20.82 -40.91
293.38 25.20 -66.59
293.38 20.55 -78.97
293.50 9.30 88.82
293.50 8.91 99.86
293.51 6.65 80.68
293.63 10.35 105.83
293.63 14.59 106.88
293.63 14.52 107.08
293.75 9.03 -39.38
293.75 8.94 -10.02
293.76 1.20 -98.04
293.88 13.24 -62.89
293.88 10.32 -62.09
293.88 8.20 -55.94
294.00 9.13 -17.61
294.00 11.35 -18.23
294.01 8.71 -67.18
294.13 36.40 79.20
294.13 34.70 65.53
294.13 37.61 62.09
294.25 28.89 101.32
294.25 19.39 82.63
294.26 24.32 93.67
294.38 14.66 103.12
294.38 12.12 99.95
294.38 10.23 95.84
294.50 12.33 -69.01
294.50 9.33 -120.16
294.51 6.92 -47.22
294.63 35.51 82.39
294.63 36.21 83.68
294.63 32.54 98.92
294.75 40.78 60.11
294.75 41.16 75.59
294.76 35.90 56.37
294.88 38.28 68.77
294.88 41.61 63.65
294.88 36.38 44.69
295.00 4.21 168.65
295.00 6.52 111.26
295.01 4.74 118.86
295.13 1.89 -107.74
295.13 3.97 -30.94
295.13 5.49 -51.96
295.25 20.05 81.49
295.25 24.50 88.90
295.26 21.14 81.39
295.38 13.97 105.85
295.38 12.79 104.14
295.38 7.36 120.51
295.50 3.16 -86.66
295.50 5.20 -128.02
295.51 3.49 -78.61
295.63 36.97 63.83
295.63 31.33 92.65
295.63 29.10 101.05
295.75 23.22 107.35
295.75 20.62 88.54
295.76 15.40 77.46
295.88 29.18 97.22
295.88 20.42 108.86
295.88 16.51 87.71
296.00 4.81 -72.01
296.00 5.16 -30.18
296.01 7.41 -26.83
296.13 20.57 94.66
296.13 36.05 92.52
296.13 38.09 69.40
296.25 35.96 54.65
296.25 34.55 68.69
296.26 29.94 65.67
296.38 9.38 124.69
296.38 0.93 -31.96
296.38 5.48 137.79
296.50 16.22 1.67
296.50 10.97 28.05
296.51 14.79 -16.63
296.63 34.12 82.51
296.63 38.10 65.54
296.63 34.41 72.03
296.75 38.06 86.24
296.75 33.43 77.84
296.76 41.67 78.89
296.88 36.73 75.96
296.88 40.05 71.00
296.88 33.73 92.69
297.00 4.14 38.68
297.00 11.59 100.42
297.01 8.39 91.27
297.13 25.61 92.39
297.13 23.08 103.03
297.13 24.27 96.80
297.25 32.28 -105.10
297.25 21.88 -70.04
297.26 17.91 -21.22
297.38 5.34 -11.66
297.38 14.43 -70.64
297.38 10.84 -103.40
297.50 27.74 -127.65
297.50 34.44 -114.50
297.51 21.31 -111.33
297.63 6.61 -60.34
297.63 8.14 -104.53
297.63 7.25 -69.98
297.75 25.27 -104.29
297.75 27.83 -100.23
297.76 29.87 -86.83
297.88 38.30 -82.37
297.88 38.82 -105.39
297.88 34.69 -101.47
298.00 33.99 -124.26
298.00 12.03 -87.72
298.01 31.33 -114.04
